interests,include_demographics,include_keywords,normalize_against_group,limit,include_prediction,genders,ages